0.999999 0.0013104 0.000298896 -0.00289902 -0.00130979 0.999997 -0.00203738 0.131199 -0.000301564 0.00203699 0.999998 0.189899 
134
85
288.833
1 1.32755e-05 0.000242869 -0.00752437 -1.32487e-05 1 -0.000110505 -0.00198629 -0.00024287 0.000110502 1 0.643286 
129
86
348.211
1 1.32755e-05 0.000242869 -0.00752437 -1.32487e-05 1 -0.000110505 -0.00198629 -0.00024287 0.000110502 1 0.643286 
128
81
194.028
1 4.78764e-05 -0.000373164 -0.00488901 -4.81401e-05 1 -0.000706887 0.00308349 0.00037313 0.000706905 1 0.631759 
121
95
369.385
1 2.66397e-05 -0.000350943 -0.00256873 -2.65437e-05 1 0.000273661 0.00264683 0.000350951 -0.000273652 1 0.632077 
121
90
199.402
1 -0.00027604 0.000208952 -0.0076604 0.000275711 0.999999 0.00156984 -0.00431684 -0.000209385 -0.00156978 0.999999 0.657123 
110
83
410.234
1 -0.00027604 0.000208952 -0.0076604 0.000275711 0.999999 0.00156984 -0.00431684 -0.000209385 -0.00156978 0.999999 0.657123 
128
76
184.185
1 -4.68902e-05 -0.000224132 -0.000644859 4.69532e-05 1 0.000281258 -0.00454158 0.000224118 -0.000281268 1 0.661541 
123
90
347.844
1 3.98011e-05 0.0004388 -0.00481406 -3.94785e-05 1 -0.000735173 -0.00733001 -0.000438829 0.000735156 1 0.642614 
128
82
426.658
1 -7.69659e-05 -0.000294284 -0.000574153 7.67932e-05 1 -0.000586947 -0.00101919 0.000294329 0.000586924 1 0.690485 
124
89
132.823
1 0.000249231 -0.000576737 -0.00362134 -0.000249613 1 -0.000661832 -0.000932407 0.000576572 0.000661975 1 0.637135 
126
93
259.322
1 0.000249231 -0.000576737 -0.00362134 -0.000249613 1 -0.000661832 -0.000932407 0.000576572 0.000661975 1 0.637135 
121
80
314.311
1 -9.20673e-05 7.98264e-06 -0.000198081 9.20636e-05 1 0.000458461 -0.00618118 -8.02484e-06 -0.00045846 1 0.651017 
126
90
307.894
0.999999 -0.00013829 -0.00118343 -0.00225413 0.000138373 1 7.04946e-05 -0.00425293 0.00118342 -7.06583e-05 0.999999 0.659917 
123
90
324.935
