0 0.0 0.0
1 6.0 6.0
79 0.5 -0.5
163 6.0 6.0
334 0.5 -0.5
433 6.0 6.0
593 0.5 -0.5
705 6.0 6.0
823 0.5 -0.5
962 6.0 6.0
1019 0.5 -0.5
1032 6.0 6.0
1177 -0.5 0.5
1281 6.0 6.0
1396 -0.5 0.5
1475 6.0 6.0
1566 -0.5 0.5
1719 6.0 6.0
1927 -0.5 0.5
1988 6.0 6.0
2015 -0.5 0.5
2222 6.0 6.0
2262 -0.5 0.5
2280 6.0 6.0
2430 0.5 -0.5
2597 6.0 6.0
2672 0.5 -0.5
2684 6.0 6.0
2954 -0.5 0.5
3044 6.0 6.0
3140 -0.5 0.5
3271 6.0 6.0
3384 -0.5 0.5
3414 6.0 6.0
3574 -0.5 0.5
3692 6.0 6.0
3969 -0.5 0.5
